$ANSIBLE_VAULT;1.1;AES256
33633730343436326631343239663864636164636537636466396462393266666364303830366663
3164373430346235336361343230323432636366623933610a363831363232663732643064323030
30663337623536316163613732326439613162386465323635323264383639393232383137633231
6638636235643038620a623566623735643739636231633938383234633632656665313833633130
35663361353931306437343463646664623939363534336266383631613331653237613564386630
34633365623361623230366637376563616338363863306263393136376231663630396364663538
66643766633637623533346636343337303763306137336666363835393230643937373438376639
62613364646439316437313633623032643661366135343437633437313965633162343539316138
39646230313232643835393365393439663130633134623263366337633136636661643638383762
32323463346566346133633830373462343234366665376466346261613237636163366530633036
61313864653434393434633765633930333731356264646331396230353537656137646538643662
63613336396339663365646531326630356138663364356266643961633463313165373737363433
30616136326238366232396535313237346434393335656535643032343166633436316166303430
34383864343166373131363234623235316632653265353534343134393233376335643433343539
35393439386261643130663538623861313766656433336136396438326632656134643637353731
37353362323532643766613737663232333832633535313633306566623130353433656561316266
61346563376666616431396335623531376164633337343966333637343262356231353963613434
61303337363939313530643264313261666462353662353135313933363361643136343832623733
30646337386630656166353166303739376466333632373831623134656463633337313938613536
33353632353437663834623964623134363130613364663539336562363131306262653331353062
36353763633139613435636130616561623538346631306139363234393337383035623863326138
31663336356130313539653337626165643564356362326465326231663564316235393966313231
30383739313062613265646134393738373835643935663265616638633665646233303533333930
64336534663838613133353366666665653338643533636137623735303330396530663762333663
35393063616234363938343133386637386463646437616538393338646235306438646462386537
37383261656238373565396162623361353435333564663162366365343963363234313434633539
35393163386336393763353066343139613936373165343131326466636561303466613031656331
61306630326262643464623337616236333536346633643361323630653237353063373064616237
36633061333736386430663562386434646163363365306537313133653131383337663337376364
31623863643930353131626338363865316638396363356562386161313834346130393566386136
64646135656135326366306165653863346365396136316239626666363736656164323861353638
32336466313264616132393035373235653135376231626637356431363164363264353536663039
63373334303030633231303232376133656439383731353539343730363365633630373864616366
33663934393162303539353036656132306433353630636236333036323764613166363163376630
37353233633033613939613561643038363034643463303664393365393434303234613338373732
33643463376664616434363833323762356237303035623835323733323435343639323737303030
34366135336463633962343262616132663030366363626339363831643739363239336531353965
31346261303337623837666363646465393561393464393164353433393239376566333263333061
30616362613039333333623534306236316535383530393630306631353633663365616231633938
33376235373831303739643839363563633839616336633033653836616434376337376565356536
33663664313732656364323866633831616664346466326135373331393662323663623531663366
31663530656639356337373833643061623931356463303366323965363936333931306366653733
32623761313163613266636135353536346161633138343063323931323332366138383966356162
62393861363138373238666430346231323137303036323032396361373765636435373730353865
31643866306538316535333239633138633361633366376561613937633536333239646238663734
34393334343032623463646630396134643238633034303566323865383262313637306636323239
32633239316634663064643165613934303836646131653531383938633331373435363762376365
61356335653330333434336361366666316434613634653763653736343031373963643230343564
38633735353232646435353563653162623934646538306137366430356539616530383131373336
66633061646536313934343863383635643035303537613032326234663136373932376135633661
39666234363563373862633662393766626437363066626534303130346564626661396363666464
35353864343237303939643365613235306230313231616263636232656166353237643663646566
36613433306466623733396136323065316466323264376531353364623331343063343933313736
35613961396135303630383637383638616461336434653138313430613766343361626561363830
38623534366438663137626665653939306266616264333338623466626566636537323064323438
61323362356537343433326563383933666535316334323332326135623036373461363937663430
33626439623662373637666434373764343931366234333033626637326335616165366263316366
32616532353033636164633662643062313565313139353334346531396333366664383333313538
34666564326134633437353330356432376533643866343164623362613534633631313961363231
66373236333734313033643463643030336536343866633162306130313963383231643533323038
32346464356663396338363837363861616664396432326661386266366233323536623666396336
33653065663066656535653632363063346239623733366630333265643133323239303563383737
33643333636463313866613666353466333366343837626462653636393038613264663735313666
30386632303533626330336538396533663030313864366665393062376261366137383537336438
30366264336466316164386266623664376664373830313061626636356339653933386136356637
31306565646366353833616434333431626364303335333265303237623334613137666137343864
63613134333933353063653231336661646436336261303737366332643564353731373663663466
66633636383630366335393633353535393432366263643462323366306335643063316336626562
62383261333163376533313134663364646264306330653237363632356334613632373232633162
62636537303961313330303063313862376261643161383438383934306363636430623861333563
64323636633334383730636331333739656266653937366166346135633133356166663135373165
32313865336436663535646637356433646563333239623765656330326437396139303564313836
33633564326338326331666338663863626531613936663163346139343837356164326361373132
35346537396430336439363134333438333364353430613261323864643464383539383433336536
64326531313332346465383166313662636639646530643038366261346262346634303236306439
63326439663830353136383764396361626330393337663030653432646332386331633966343366
62396563306130363938616232336463646335306566333466366561366566343262373333353863
62663466663566346530633061326661383933306165363539656165613161313766636262333137
31336334373533376134666636316261613933383166663931613364306661646666323162666231
39666336353832643963626537666166303063626331666636393936613161393061326366626464
65383133633163643737383731646430396163643964396132326631333561373361343738386466
66356631396338356431343161343833346237316261363430373435656630623064663039656639
36656231313462333535666265306238643662646265353731336339343839636535663330346133
35666139303061386362333335353333643964623962383738316530613537396563373536333566
39643439366662336464306539323835336466353638633435663536643439343639366566306561
31663534333635323934333234366635333663653636346666353863626630623362353165356363
66386461633964303265636361653037656666343666393636396333316630303038326162383462
61383939323438396664366338333735353830343334343539306531333034623461623463366332
38333830373463313461313530386465363432613238663033323438666133333766363165326633
31373464313666366230646434386130363765636264336534333739316631313438393661333961
32623036313562353961306665333939663166343535636433326631633834383565353738636538
34323838373764663365633061643763323530636238616461376530366138613432373462636132
34323434356535656137653863373561653630633033323337353234646230653862376230643733
34303462383662306235313139643433356536393165633035636165323635343938646566613964
36373562633331353061636130616636303162633832306461623235653330316134333033336232
38306534663764306431333466386466323737353239356336316130393463643737386631396164
64336231326437353566383736353162653333656130303536393065623237636136633931363963
64626566313762643232323434653735643731633863623232656536396662363366373761393166
36653062353232353434336332616439623134323863383934346366346639366235663336386439
35666335613861666261346665366364656439386264373537663937633037323266366436656533
66363438656164396362666635386333616635303064383261663231306231633731333637386339
66356134313930646266313165636431333233633931313163346133316138656561376630636164
31666539623133383438323064323133633832616338306362666137376237333039633665376162
31306237623931306166356264643961363566623634333139343533633166393930633635623535
32396237646564316262353030303435633162323833333135343161393863353435336236386134
32316562366132353333326564366534323962313063336231386630656531326166313636393330
33333665303738356237376166383735363665666136663932666634306332333233303634666264
35623035323263363334393566666366323763643635306361373262633631346637383734326430
61343537383336343461656262653662306661393136636663363938656332383738626163303535
37616231613862626564303938666437346134323461613936623235333138356263386435383231
62656234306336303735343537616366346235623561653766663564343732323135363638396338
33613866303663666430333763393861643632646465396438623737656239653531363734623163
63656333653162343537313135393363343066336665333338303831323639623861396131616634
33323864613138346462323834653936613835656666633039333939656232646535663333313766
39396262636630316263306237636435366261356266343835386536326664613064366439363936
37333937663764376563373032396338666533626532316139376461393530313761343662363662
38316165323436663130613632646237346265373864386533336562376235333763356530666562
32343430613838666661376434636238316332323231323431353535383964333530643137636133
36306334633738653162373930646431353265623438646361353166386663303137323063626535
38613331323664633336333863346631333033316236633962366565313966356634373864613533
34303563393962373831373935623032346161326664373735313332383037363336393139333862
39636430386439373933303762663761626362623666373837336464663132333766666435643635
33373435313437643165636631383664303339643534646238653933613537323636653262363939
38666436313437633763353463336365323037373430633635303662323638663063663538373136
62616533303231396161383364303363656631376331363733316336636336303261373932336634
65373935386361313237636536393262613632643439383436346464393830323537653335363335
62393865326430336439386566643263636532636239653462333561333830303830366365383961
37303766303333613433363930346466386135316234386535396662363266343430313365666235
38616534323834373365313562656664313232663336356333366161303436386462303362323836
64643264626262636238356663363133326164306262633766366463343339633862353039333662
30306366373464363536346661326535636332306463326562353134336137623733343031626361
31666631323837626139666663303133623432366632376436646235326232356464656630323362
32653133396233636431633135376439346435323565626561636232663239356534346562653132
37626431313731343238336462616239376162623333363033313039643937646661303266383863
62626235386435313964613831663133626165643037623635326435313162343834616665616430
64643066366235343465633638646238393765323965636539323232346566623333316233393132
37653739643765633633353363326139333237313939646562383235333635663736356536313236
31343161316531363963386563343061313762626635326637613565373034316365316136663334
38353561646230666338323631613838656331653662663238623565376664643064373366353562
31386265666666376336313066383939666139613764373864623630613666396632303835383539
33376366313864366564356337653662306662333234366164383939346339643962386561383937
65323736643739373339373766363232616533366532356339323665643639633664373064376432
36373964336137613538353735393130653362346334383166363063633862653162373862356435
36343736653266636532346331643432333965616364623234636161313533356334646636373366
30393839666663373563383632336337393263663664613637626538633431613365613938626538
61366635383265373336386137336663313731353964313138366431393731346266356230613636
63646139373038303833326536303339666131383937303134323231333261343030363037383430
61393963383163333965386436323838666366633031633230363864336332643565363661376563
64333032636462343564353437316130616534653139666139393265396437613438646432643164
32373364623934653632653065363839356165616136613932366231343232393465316264623633
61383963616164386539366463646635636433613337393939376532333531316239346633326435
66323332626435363435393436346439663130373031313531323366333839356366393166383336
34663237393434373330383765353233356162353835343732303961613739653765
